74
Asia_AMA2798 0.000000000000000 0.127774013213620 0.126899016979446 0.134312608163438 0.170611315023415 0.163818027210884 0.025328172332548 0.116957090418126 0.086285617654519 0.085124350800152 0.086338565973695 0.112241452089489 0.111884865366760 0.111134569100198 0.076390647421288 0.072552410680390 0.083432153142470 0.083481500296334 0.040366815221118 0.029879538731942 0.030822651862648 0.046118856083898 0.044855325780230 0.047213915680411 0.047803563155456 0.039531355360755 0.029243215911006 0.026929074128703 0.026760504024611 0.023939981454944 0.029702141900937 0.364103435098297 0.378332194121668 0.378060766633905 0.363709780252476 0.368935338601410 0.383894732359579 0.345662178285325 0.364411113004943 0.399121122914800 0.363361573502491 0.357431770766807 0.352251906770634 0.380054366292898 0.378432457746179 0.392345520632884 0.370542235971470 0.388815537288641 0.393836199557296 0.393129283555404 0.389156267302696 0.390599125302535 0.389684569479966 0.388008328729869 0.385640895002760 0.375398072268693 0.378879877712199 0.377775890620356 0.375992526856609 0.375567916436669 0.399243422450801 0.399685521227317 0.396486128328987 0.861925397230011 0.855977568187612 0.858920456958424 0.858737637420943 0.861963580797148 0.861957721368537 0.863705712832683 0.874378901770926 0.870644229134795 0.860360551431601 0.858271730818251 
Asia_HM045803 0.127774013213620 0.000000000000000 0.008741184916177 0.003476731035061 0.010676156583630 0.010969538435575 0.114655532359081 0.014361679855964 0.034569558650780 0.029038340666248 0.054690131357359 0.073726541554960 0.072122633606969 0.070605489210140 0.051516166862121 0.045334672861987 0.049928553416828 0.049991598050748 0.106769283102305 0.095920711216981 0.096346080224595 0.091995820271682 0.090741901776384 0.094921630094044 0.096927899686520 0.099539941447093 0.110646483231580 0.113796997197942 0.113629710175233 0.112430985444203 0.129784937307980 0.264399780895799 0.272997032640950 0.274392570919730 0.270656712640769 0.272006745362563 0.297105429959856 0.258097251585624 0.270782241014799 0.304178485246179 0.265430273330235 0.257763319109384 0.267599678660522 0.299924133861586 0.300832241983862 0.313955955361310 0.298004774897681 0.306200076074553 0.313677452057109 0.311198411692646 0.305777439668653 0.307799266843635 0.310718213349124 0.307864220957200 0.302548978302085 0.294231660557030 0.298613744575064 0.295495723254540 0.295074369022037 0.294653014789534 0.308110843983297 0.308564922194577 0.313340402969247 0.849072512647555 0.840472175379427 0.838931265540056 0.836064192746725 0.841708436881345 0.843470935130581 0.847590209437295 0.852585443971512 0.848949987349245 0.843246201119670 0.847639123102867 
Asia_EF027140 0.126899016979446 0.008741184916177 0.000000000000000 0.012205387205387 0.019602894161198 0.011488405612786 0.119100557956119 0.024568784181742 0.044218690722084 0.038228359717076 0.061423918101443 0.082958036954417 0.081344948028448 0.079740653418659 0.061650465008627 0.053667563930013 0.058232338161395 0.058292178464396 0.106900234992523 0.095657377329458 0.095828346725936 0.098773727532337 0.096589954644717 0.101293465479590 0.103225264572484 0.104424927511871 0.113902777194236 0.116984620556349 0.116816539204975 0.116621138894726 0.134109206190297 0.259271803556308 0.269753375644248 0.270472944184065 0.261569757586032 0.263354089888592 0.287449048913043 0.254705357522199 0.255979946467264 0.291390165050196 0.255624416334154 0.247834946510443 0.257540997535899 0.289289797992631 0.287290941506070 0.298882919757824 0.283896671379000 0.294377441820961 0.303170493612325 0.298981324278438 0.294971972142008 0.296528365791702 0.295507671384249 0.295144479281417 0.290999915333164 0.282641828958510 0.287044877222693 0.283911939034716 0.283488569009314 0.283065198983912 0.296829971181556 0.297288135593220 0.299121984485551 0.844198754606684 0.837251662642437 0.835704607046071 0.835534112070425 0.841205349585238 0.842976255978330 0.846693429114726 0.851117886178862 0.845769247065802 0.839959397733040 0.844452916507816 
Asia_HM045813 0.134312608163438 0.003476731035061 0.012205387205387 0.000000000000000 0.007177432815890 0.014170976830243 0.113987265387657 0.010349720390618 0.031737403303366 0.024640828600067 0.056816751290336 0.070184960961964 0.068252974326863 0.066154360173739 0.047046545606345 0.041305073431242 0.045700163364470 0.045764769920027 0.110946306733907 0.097931151432932 0.098355095811429 0.087485419096817 0.086235627395434 0.090401599733378 0.092401266455591 0.096169077493851 0.109490267994832 0.112630262609421 0.112463526469362 0.112019010297244 0.129319263397476 0.266504283554510 0.275170053656682 0.276561575521934 0.273247015301833 0.274591369385268 0.301044474393531 0.260820093556408 0.273462851363311 0.305822784810127 0.268547368421053 0.260906181573185 0.270712178676780 0.300819155639572 0.301726315789474 0.315063858580732 0.302060760569365 0.307076663858467 0.314528691112702 0.312057931963624 0.306655433866891 0.308667898538552 0.311580456135913 0.308733294107758 0.303434954228605 0.295145304888292 0.299512850663531 0.296405173861918 0.295985217537376 0.295565261212834 0.311081217420548 0.311533288500336 0.317747526845354 0.850750031513929 0.839825202739611 0.838289650537634 0.835432409739715 0.841057934508816 0.842814559805197 0.844993083790921 0.851898521505376 0.848274702643635 0.844940426246014 0.845035505693517 
Asia_HM045788 0.170611315023415 0.010676156583630 0.019602894161198 0.007177432815890 0.000000000000000 0.008531921153280 0.149785782621355 0.037957787603237 0.068165670581352 0.065787276673902 0.093822086146877 0.109877728164253 0.107355947761505 0.107864418099850 0.086076688780406 0.078482068390325 0.084613774335357 0.084243565599498 0.150408742428735 0.138559322033898 0.138983050847458 0.127415056628914 0.126582278481013 0.130746169220520 0.132411725516322 0.134036081829924 0.143178504478234 0.147071077410216 0.146904424631281 0.147881161715071 0.164908797617570 0.290799194089993 0.299016088847599 0.298808819802315 0.295294117647059 0.296627609088236 0.321350395689510 0.288656754138410 0.300282212206731 0.327091767881242 0.295598013635216 0.287289562289562 0.294246483025861 0.324264181047151 0.326235165390119 0.340857215318286 0.326028793476876 0.332603570225665 0.339953713444140 0.336559501767379 0.331087908386662 0.333109469442579 0.336114271267855 0.333193312610266 0.327877109040544 0.319845533915379 0.321020819341840 0.319761584956347 0.319593687038281 0.319173942243116 0.327773109243697 0.327886069568140 0.334530550156342 0.848221410272563 0.839821931040275 0.838203190596138 0.835347432024169 0.839963074857335 0.841131299567790 0.843897942938540 0.852644836272040 0.849947490023104 0.845689365984569 0.845785561295200 
Asia_EF027141 0.163818027210884 0.010969538435575 0.011488405612786 0.014170976830243 0.008531921153280 0.000000000000000 0.152066392824210 0.042831322769114 0.067553908355795 0.066756404324233 0.085629754860524 0.110597140454163 0.110998990918264 0.108989189416565 0.087958291288261 0.081901079968063 0.086490591511265 0.086538461538462 0.140100742764450 0.128154759362856 0.128581799547337 0.128351445474762 0.126505265807913 0.130952880459867 0.132547308353963 0.133932320094047 0.145663672235748 0.149502498005794 0.149334564843192 0.150151158884783 0.167291822955739 0.284548030963157 0.292620648565835 0.292154442126772 0.288817377312953 0.290333502624005 0.310312645823612 0.283810170642669 0.291960268274047 0.321348123592163 0.288349802790619 0.280061076472834 0.285878008404431 0.320047389354320 0.320666694940413 0.334866879659212 0.319037835986989 0.327591327591328 0.336103807989144 0.331919765913235 0.326063897492469 0.328201006725604 0.332314225053079 0.328281759302375 0.322928562365182 0.314834397868111 0.316018780931433 0.314749799077873 0.314580601497399 0.314157607546212 0.320701189820892 0.320816222852546 0.325171400587659 0.848315557812765 0.841797866937532 0.840165841688878 0.837540699395323 0.842192058860840 0.843369418132612 0.845984970024487 0.854719296018953 0.852002370671408 0.845341221212761 0.847807685796513 
Asia_H804187 0.025328172332548 0.114655532359081 0.119100557956119 0.113987265387657 0.149785782621355 0.152066392824210 0.000000000000000 0.097799409293232 0.072440813604535 0.069730652345864 0.077128994478836 0.098468453470951 0.097703062583222 0.097040089921319 0.062000665778961 0.056186317321689 0.065803757828810 0.065358931552588 0.048238573962997 0.038242129727446 0.039171772660046 0.028611768614260 0.027449026203231 0.029608404966571 0.030189776172086 0.021191722762403 0.010968009970918 0.009265799642664 0.009099596958491 0.006981382978723 0.007342628495999 0.360291347482105 0.372778573233387 0.373183369139391 0.357636706473916 0.361702127659574 0.387011460476051 0.342182643031169 0.361589515248257 0.396391470749043 0.356192554664876 0.348919202518363 0.347418826395598 0.377522820534294 0.376841398413564 0.392319689752561 0.376503472810435 0.384557249023807 0.391859001258917 0.388895883167569 0.385229038082042 0.386579597304199 0.388267921674090 0.384022454023711 0.381691850487631 0.370337812382268 0.373770354556490 0.372681987525639 0.370923856168111 0.370505253463937 0.394594594594595 0.395031212032343 0.401542286460748 0.859189143910203 0.850980063662255 0.853883190286791 0.851027325605725 0.854207641126501 0.854201540006696 0.856020723656723 0.869122880468914 0.865437788018433 0.856312466022666 0.853241749036690 
Asia_HM045810 0.116957090418126 0.014361679855964 0.024568784181742 0.010349720390618 0.037957787603237 0.042831322769114 0.097799409293232 0.000000000000000 0.016760710553814 0.017617099440594 0.043286774883604 0.055381661867201 0.051116211141248 0.049762043917509 0.029167535989985 0.025940445408291 0.027509106896119 0.027581299962332 0.090439276485788 0.082422239172811 0.083693533350284 0.069251270092446 0.070084117598068 0.074248355126176 0.076247189139669 0.081711737989083 0.095029787943174 0.098000000000000 0.097833333333333 0.095803642121932 0.113216132368149 0.259004281756360 0.267283246758731 0.268671848597499 0.264055803008656 0.265403838884456 0.288793466363560 0.257003243607566 0.273600404397826 0.312020244622522 0.273232323232323 0.266941661756040 0.273967986520640 0.304471971446567 0.306228956228956 0.320679742982753 0.308727967721385 0.314021052631579 0.319362033413290 0.318744213450046 0.313094736842105 0.314751070439090 0.318528507016139 0.315661233406150 0.308092679650772 0.300814373268407 0.305180085635127 0.302073713374192 0.301653933338930 0.301234153303669 0.312547272880074 0.312998907654819 0.319219066937120 0.847536645806208 0.838044436977613 0.838777395247292 0.835921107847251 0.836172891313470 0.837928574426119 0.842041312272175 0.847510286338064 0.849346721001554 0.840057032626017 0.840732496114915 
Asia_HM045814 0.086285617654519 0.034569558650780 0.044218690722084 0.031737403303366 0.068165670581352 0.067553908355795 0.072440813604535 0.016760710553814 0.000000000000000 0.009997071987284 0.022358577792721 0.039474784644978 0.036374278785852 0.034843351319697 0.012542854753742 0.010154193305754 0.014851485148515 0.015180743101568 0.070500848896435 0.062714959025094 0.064498322788841 0.050611257145241 0.047273334167814 0.050527809070806 0.053114699378312 0.059118236472946 0.068709300384037 0.070930572370893 0.070763578674905 0.070146137787056 0.089025198938992 0.288159831756046 0.297308733920108 0.297693121693122 0.286682665993011 0.287349549701204 0.314548445606783 0.288282964713827 0.315633969272328 0.347250982546592 0.309661367182558 0.304373497532791 0.308572152112438 0.338185796028273 0.339771433390967 0.353975178957177 0.342497233807132 0.346074336581867 0.352251644459437 0.349862955935062 0.348099396700840 0.346372239747634 0.349518662388110 0.346466304668098 0.341716785128485 0.331819137749737 0.338380651945321 0.336445846477392 0.335099894847529 0.334679284963197 0.355311355311355 0.355756682803620 0.361476902231443 0.845130881238953 0.839744129282047 0.839215851247318 0.836605979060674 0.838035571626792 0.839794802792028 0.842317380352645 0.847377056076732 0.847617444014144 0.837640236984747 0.841006649271947 
Asia_HM045808 0.085124350800152 0.029038340666248 0.038228359717076 0.024640828600067 0.065787276673902 0.066756404324233 0.069730652345864 0.017617099440594 0.009997071987284 0.000000000000000 0.020190572136171 0.035459215637138 0.032196099720215 0.032002005347594 0.010648515471667 0.010350584307179 0.016216216216216 0.016293193717277 0.078087244054432 0.066921119592875 0.068702290076336 0.051508584764127 0.049758293048842 0.054592432072012 0.055592598766461 0.057420457862474 0.064331874087972 0.069218580602118 0.069051788841631 0.067434004754160 0.085399677112224 0.287682742396236 0.299522420861333 0.299906992474846 0.288561816652649 0.289227018620487 0.316734074823054 0.279457021204840 0.312423590911007 0.341803140300523 0.304186673405779 0.300673967986521 0.300986426102352 0.331764508131277 0.334765394659254 0.351806413402149 0.335826922259532 0.341648407213888 0.347904822067804 0.346698113207547 0.343249620765211 0.341791295580575 0.344916290642264 0.343311191457160 0.335377635890112 0.324231221643421 0.330784742060158 0.328852293732146 0.327507981851790 0.327087884389178 0.355256518082422 0.355701311806256 0.361498773576926 0.844479004665630 0.840359799924341 0.841428571428571 0.838568788845960 0.839996640349404 0.841753811263702 0.844270200008386 0.849579831932773 0.849569056127812 0.840355883834145 0.842965827413728 
Asia_HM045789 0.086338565973695 0.054690131357359 0.061423918101443 0.056816751290336 0.093822086146877 0.085629754860524 0.077128994478836 0.043286774883604 0.022358577792721 0.020190572136171 0.000000000000000 0.030046160302140 0.029034152890828 0.026906770767745 0.011580095661660 0.012454396779469 0.016588076793533 0.016665263866678 0.071264269892656 0.059359952273405 0.061149699578131 0.054306410417452 0.054641376711468 0.058326005945652 0.058995938533685 0.061756326462209 0.073726541554960 0.074699400896560 0.074531819514852 0.074834492583592 0.085010813508568 0.301929002574817 0.308051639205028 0.308440593007944 0.300460556893565 0.301123405693048 0.327435126783220 0.291087766858692 0.327770247373772 0.361550532253276 0.320411358923357 0.311211749269903 0.308907619975433 0.344367505488938 0.343857124719624 0.359829968119022 0.346117707354574 0.351369660019476 0.358835477318890 0.356100038085566 0.351877725559931 0.349964121396311 0.354152542372881 0.351328517720610 0.347824251888744 0.337132244312186 0.343717023342197 0.341099995778988 0.340931155291039 0.340593474315141 0.356403430937592 0.356850154197119 0.359877618663154 0.840611538136667 0.835459075935468 0.836534808122599 0.833832651166716 0.835267310856998 0.837032660984049 0.839063026626222 0.846666948115000 0.846907739101048 0.836474804975754 0.840273671762818 
Asia_HM045802 0.112241452089489 0.073726541554960 0.082958036954417 0.070184960961964 0.109877728164253 0.110597140454163 0.098468453470951 0.055381661867201 0.039474784644978 0.035459215637138 0.030046160302140 0.000000000000000 0.004007681389329 0.003800693313286 0.028387743174418 0.023240288730338 0.028150134048257 0.028222091952098 0.095482285133073 0.079832110908551 0.081612752787553 0.068783068783069 0.066200058326043 0.070116235470566 0.069449652126818 0.076038019009505 0.087362454151384 0.090333069323440 0.090166326232857 0.091303260235137 0.110660486674392 0.329133593717190 0.339107655906709 0.340602679514813 0.329465674528104 0.330195814774351 0.360148254222297 0.314902225219150 0.353674983142279 0.386134436052154 0.344646090361699 0.336000336884659 0.341059463104218 0.376911443454881 0.377910648869426 0.393021780503278 0.379451007053625 0.381018577025149 0.389525092623779 0.386131110269041 0.385736551666035 0.384738146234933 0.387099494097808 0.384188626907074 0.379582580943182 0.369283104447524 0.377178614925875 0.375834698248709 0.374154802402251 0.374070807609928 0.387396477067306 0.387835736202766 0.393311630659959 0.832422892680057 0.831750567274561 0.829965976393498 0.827364708845879 0.833158402955624 0.834914770341758 0.835932260228035 0.842987356659806 0.841207128446537 0.830669183973149 0.836204723085974 
Asia_HM045796 0.111884865366760 0.072122633606969 0.081344948028448 0.068252974326863 0.107355947761505 0.110998990918264 0.097703062583222 0.051116211141248 0.036374278785852 0.032196099720215 0.029034152890828 0.004007681389329 0.000000000000000 0.005052824988516 0.029551715502129 0.022819239914897 0.024040877868990 0.024826258059114 0.093601694915254 0.079479462506888 0.079564240600229 0.071729079018620 0.066772191444162 0.070687716082809 0.070021243803891 0.076983994664888 0.089723287214536 0.094027424665527 0.093860709373567 0.093664026677782 0.110435286329030 0.324795297081671 0.338881378844204 0.339108387914642 0.324702618637300 0.323670279808419 0.351244367709605 0.307433001854037 0.347379066239676 0.383959836307640 0.343998652801751 0.333080712391057 0.336030000421354 0.376680107526882 0.374815812739443 0.390249059156835 0.378111989123970 0.379943562313103 0.389206937194814 0.385813512944643 0.384660742113465 0.384421583035902 0.383999325577474 0.383871916628146 0.379938699248436 0.367541465462944 0.376863321436070 0.375519630484988 0.373840016796137 0.373756036111694 0.382875877432643 0.383315822651818 0.387749926026123 0.833963532476263 0.828249726913705 0.828146654907396 0.828233219997481 0.834025941317214 0.835782050205692 0.837468566638726 0.839401957078661 0.839384770549672 0.832123830697596 0.834383665238215 
Asia_HM045787 0.111134569100198 0.070605489210140 0.079740653418659 0.066154360173739 0.107864418099850 0.108989189416565 0.097040089921319 0.049762043917509 0.034843351319697 0.032002005347594 0.026906770767745 0.003800693313286 0.005052824988516 0.000000000000000 0.028103729068359 0.019866444073456 0.025518541797612 0.025591623036649 0.091228962652084 0.077523324851569 0.079304495335030 0.066177696282714 0.063593932322054 0.067511251875312 0.066844474079013 0.075768316583962 0.086178861788618 0.091151697106163 0.090984905345676 0.089870303181951 0.109243697478992 0.320198286002353 0.334263133426313 0.335165299737888 0.325399495374264 0.324450422428650 0.356336366700371 0.313688293073648 0.348594072762531 0.383504980584163 0.343694718220874 0.336394271272115 0.338167102267937 0.377820733705929 0.378738101255160 0.391657500634571 0.381391592638245 0.381847294791842 0.387744788376500 0.384349730458221 0.386988033035564 0.382960846916485 0.385653439041876 0.382746153199361 0.382592623708309 0.367417240799866 0.376743404469837 0.375399092589481 0.373718702739035 0.373634683246513 0.384945332211943 0.385385132862428 0.393216611689081 0.834559287125384 0.829095035937960 0.828991596638655 0.826390055434235 0.832185452712918 0.832850363277477 0.835548660321187 0.842016806722689 0.836871978137482 0.832717810978681 0.833550502290782 
Asia_HM045797 0.076390647421288 0.051516166862121 0.061650465008627 0.047046545606345 0.086076688780406 0.087958291288261 0.062000665778961 0.029167535989985 0.012542854753742 0.010648515471667 0.011580095661660 0.028387743174418 0.029551715502129 0.028103729068359 0.000000000000000 0.002795044011514 0.007706483498073 0.007703257138073 0.064110169491525 0.054724259251409 0.057437158238311 0.042612571333361 0.041529553880118 0.044195442995793 0.044445370100387 0.050600200066689 0.058843140523420 0.060059183928646 0.059892468636686 0.059691538140892 0.070671962926183 0.298761284904472 0.303987833727611 0.304373547432918 0.297045101088647 0.297285942357785 0.325220027792984 0.288134164840721 0.321675375021069 0.354596464582542 0.311329095272176 0.306050271567513 0.307883537690136 0.335517473118280 0.336168062981518 0.353883885153706 0.338176565553573 0.342627300678095 0.348964472133356 0.347000631446011 0.345154361285432 0.342851144236826 0.346400269769010 0.344707316048241 0.338707645799219 0.327062775561621 0.332689481419274 0.331681713205963 0.330338022254881 0.329918118832669 0.360094153251230 0.361882748476571 0.367037240563047 0.841189815981850 0.834887824552559 0.835958170593423 0.833102464005373 0.836712420769844 0.838468642431366 0.840402347024308 0.844609634202679 0.846276685157169 0.839003313897395 0.839593311486430 
Asia_HM045791 0.072552410680390 0.045334672861987 0.053667563930013 0.041305073431242 0.078482068390325 0.081901079968063 0.056186317321689 0.025940445408291 0.010154193305754 0.010350584307179 0.012454396779469 0.023240288730338 0.022819239914897 0.019866444073456 0.002795044011514 0.000000000000000 0.006404621373854 0.005314029875727 0.058696480752128 0.049822064056940 0.051601423487544 0.035553705245629 0.034221482098252 0.037801831806828 0.038634471273938 0.044615705061446 0.051272439501853 0.053153378322086 0.052986753311672 0.053201683122943 0.064637525329804 0.289827094174920 0.300147772852016 0.298927274263029 0.291631658544782 0.292294772202393 0.321212121212121 0.283891345546431 0.311349757843757 0.345336481700118 0.305141799208954 0.300033664366268 0.301524467278700 0.331430250619202 0.332071025835227 0.350181725974136 0.334550549870494 0.338019868664758 0.345281669401321 0.342898014136654 0.339872032328675 0.339180795702535 0.342292623330665 0.339353212935741 0.334620226605120 0.322981366459627 0.329108611717307 0.327597784119523 0.326254826254826 0.325835151922108 0.350781381280457 0.351226478494624 0.357667934093790 0.843627965567919 0.836153684652530 0.837222968435191 0.834368182580970 0.835794596408793 0.837549821690791 0.839567712478532 0.845114170584285 0.845352597757151 0.836407848398457 0.838757085870250 
Asia_HM045800 0.083432153142470 0.049928553416828 0.058232338161395 0.045700163364470 0.084613774335357 0.086490591511265 0.065803757828810 0.027509106896119 0.014851485148515 0.016216216216216 0.016588076793533 0.028150134048257 0.024040877868990 0.025518541797612 0.007706483498073 0.006404621373854 0.000000000000000 0.001092253402789 0.068458202228081 0.057382279127143 0.059168828959122 0.043343782654127 0.042006269592476 0.045350052246604 0.045768025078370 0.057214554579674 0.063142928828301 0.064865543055497 0.064698256032788 0.063744353354526 0.080212571618368 0.292209160241015 0.303603221704112 0.303990162405122 0.295710489687460 0.296374367622260 0.325417282907247 0.289556025369979 0.313065539112051 0.345751661657000 0.309196907608466 0.303139127128311 0.302777895226418 0.333220939054202 0.333530480334587 0.349344422285399 0.336289222373806 0.339081188453573 0.346540508574808 0.345076669623622 0.341194370483073 0.340664896978890 0.343794941206328 0.340839131351465 0.336085949020434 0.324906248683268 0.331226562170817 0.329541145240804 0.328192811696793 0.327771457464290 0.354000590493062 0.354446927845486 0.360933191940615 0.848482293423272 0.840809443507589 0.841796957309621 0.839181163388231 0.840613285034329 0.842375737152485 0.844309866262932 0.846938345484428 0.850215062832082 0.841225743991245 0.843507588532884 
Asia_HM045790 0.083481500296334 0.049991598050748 0.058292178464396 0.045764769920027 0.084243565599498 0.086538461538462 0.065358931552588 0.027581299962332 0.015180743101568 0.016293193717277 0.016665263866678 0.028222091952098 0.024826258059114 0.025591623036649 0.007703257138073 0.005314029875727 0.001092253402789 0.000000000000000 0.068514110846651 0.057698031378885 0.059483821591054 0.042239398370587 0.040902444119490 0.044495508669313 0.044662627950700 0.056103678929766 0.062280555091122 0.064002341039254 0.063835123949668 0.062630654737018 0.079100265604250 0.291327970349156 0.302711864406780 0.303098376637138 0.294826931995447 0.295490939738727 0.325617740232313 0.287320371935757 0.313017751479290 0.345943887266726 0.309150795996791 0.303264495966891 0.302734457546173 0.333164812942366 0.333474093154850 0.349535564321161 0.336486832012273 0.339191415656288 0.346731970950853 0.345268758180974 0.341303704955431 0.340605652192225 0.343734145104008 0.340779768177028 0.336028637607917 0.324853641073158 0.331171292591501 0.329486585519943 0.328138819862696 0.327717643094807 0.353935663392217 0.354381823546769 0.360864956540174 0.848293299620733 0.840792246101981 0.841863599983150 0.838996252789356 0.840427771462254 0.842189473684210 0.844123087270893 0.846750073718354 0.850025290844714 0.841040097614339 0.843320691108302 
Asia_HE806461 0.040366815221118 0.106769283102305 0.106900234992523 0.110946306733907 0.150408742428735 0.140100742764450 0.048238573962997 0.090439276485788 0.070500848896435 0.078087244054432 0.071264269892656 0.095482285133073 0.093601694915254 0.091228962652084 0.064110169491525 0.058696480752128 0.068458202228081 0.068514110846651 0.000000000000000 0.013687427366246 0.013859596263935 0.029514990063005 0.030106981267707 0.031882954881813 0.031290963677111 0.035668951510536 0.045519925543616 0.045060291939920 0.044298709540935 0.046462423832092 0.057874842503150 0.364709894700942 0.374796259758085 0.374522675591024 0.356633807024282 0.357959392595120 0.375261875240498 0.346966715153589 0.365962180200222 0.397558363675305 0.361743962385125 0.353310819475912 0.353754010695187 0.377398720682303 0.378841632827527 0.386801768923619 0.370578084555651 0.385503527902502 0.389434994443970 0.387784758729752 0.391233696814197 0.389947563627062 0.386287768552598 0.383591450147191 0.382582377765463 0.372554035042844 0.377413991559023 0.375708743658609 0.374515070128320 0.374088758153217 0.403405453847139 0.403848615437129 0.400660972573930 0.864272308479782 0.859153728032759 0.859548885004051 0.859365011719582 0.862603878116343 0.862598022502557 0.860607607863161 0.872169871658210 0.867650823449100 0.856735232741365 0.856338508786896 
Asia_FN295483 0.029879538731942 0.095920711216981 0.095657377329458 0.097931151432932 0.138559322033898 0.128154759362856 0.038242129727446 0.082422239172811 0.062714959025094 0.066921119592875 0.059359952273405 0.079832110908551 0.079479462506888 0.077523324851569 0.054724259251409 0.049822064056940 0.057382279127143 0.057698031378885 0.013687427366246 0.000000000000000 0.000344471236652 0.020050761421320 0.019204737732657 0.021065989847716 0.021912013536379 0.028740740740741 0.032206187312201 0.033691695589605 0.033522390586642 0.035008254667062 0.042309146674510 0.350562947799386 0.361853679467925 0.361576100952872 0.350153688524590 0.349605291231065 0.368605645851155 0.333276267922106 0.356216563235609 0.384813164209805 0.353544855896690 0.343482723229559 0.346828725498588 0.365470756367049 0.367142734969640 0.377029464822610 0.353415907815804 0.374229979466119 0.376202488349224 0.376774414229519 0.379449007529090 0.379307403616513 0.376204135805112 0.374818608621426 0.370575692963753 0.360968952575913 0.365233708631866 0.363527806209485 0.362333674513818 0.361907198908222 0.390625000000000 0.391070513914973 0.387805925289824 0.860721143588649 0.853723063793471 0.855741341068077 0.855815143246930 0.859055252387449 0.859049243231720 0.857063806240157 0.868623101859751 0.866063425669043 0.854209270620314 0.852954981864732 
Asia_FN295484 0.030822651862648 0.096346080224595 0.095828346725936 0.098355095811429 0.138983050847458 0.128581799547337 0.039171772660046 0.083693533350284 0.064498322788841 0.068702290076336 0.061149699578131 0.081612752787553 0.079564240600229 0.079304495335030 0.057437158238311 0.051601423487544 0.059168828959122 0.059483821591054 0.013859596263935 0.000344471236652 0.000000000000000 0.020050761421320 0.019204737732657 0.021065989847716 0.021912013536379 0.028910052910053 0.033137246603750 0.034622873105900 0.034453568102937 0.035939550438132 0.043233477584975 0.353548277038553 0.364857326753915 0.364580650699631 0.350922131147541 0.350373373159804 0.369375534644996 0.336785790712604 0.357671731221913 0.387127185464518 0.357051227229967 0.346989394457749 0.350338098091244 0.367774412354422 0.370820148806979 0.379348853191307 0.355746407146865 0.376540041067762 0.378511265979734 0.379083290576364 0.381759069130732 0.381610371886728 0.378516076550927 0.377123346137431 0.372878464818763 0.363271920846128 0.367536676902081 0.365830774479700 0.364636642784033 0.364210167178437 0.393186475409836 0.393631551989073 0.390382138256763 0.860721143588649 0.853723063793471 0.855741341068077 0.855815143246930 0.859055252387449 0.859049243231720 0.857063806240157 0.868623101859751 0.866063425669043 0.854209270620314 0.852954981864732 
Asia_EU703762 0.046118856083898 0.091995820271682 0.098773727532337 0.087485419096817 0.127415056628914 0.128351445474762 0.028611768614260 0.069251270092446 0.050611257145241 0.051508584764127 0.054306410417452 0.068783068783069 0.071729079018620 0.066177696282714 0.042612571333361 0.035553705245629 0.043343782654127 0.042239398370587 0.029514990063005 0.020050761421320 0.020050761421320 0.000000000000000 0.001745926172265 0.005404057199867 0.005653475224476 0.017262177114097 0.019255562487004 0.023458946843025 0.022793444804925 0.022005907067682 0.030267993558244 0.350067046597385 0.362252856119051 0.362654971746648 0.344463087248322 0.347029474655151 0.374432677760968 0.341491106345402 0.357217947100627 0.387420006736275 0.352743466935552 0.343697478991597 0.346901017576318 0.369325564823741 0.374758423661877 0.389399949362815 0.374061983295883 0.380211835911231 0.382566687670657 0.382372710468829 0.386096166778749 0.381578947368421 0.383922937786565 0.376834689256060 0.373083047012486 0.363224941334227 0.367415353670801 0.365739188736172 0.364565873281931 0.364146832048274 0.387500000000000 0.387938265391713 0.397536488652662 0.857196763238439 0.848140539180747 0.850209555741827 0.847352546916890 0.850536193029491 0.850529931716309 0.845497511397382 0.862615255658005 0.860096456280143 0.850887474882786 0.847218145989686 
Asia_EU703759 0.044855325780230 0.090741901776384 0.096589954644717 0.086235627395434 0.126582278481013 0.126505265807913 0.027449026203231 0.070084117598068 0.047273334167814 0.049758293048842 0.054641376711468 0.066200058326043 0.066772191444162 0.063593932322054 0.041529553880118 0.034221482098252 0.042006269592476 0.040902444119490 0.030106981267707 0.019204737732657 0.019204737732657 0.001745926172265 0.000000000000000 0.004323245759894 0.005736614566013 0.017178985899089 0.018091079226450 0.021795191747775 0.021628816238250 0.020841133158617 0.029111780980303 0.343865236339256 0.357868555288563 0.358016361642911 0.340268456375839 0.343088340111526 0.369726004370482 0.332996930322526 0.351078592153400 0.381441562815763 0.346777581715822 0.337731092436975 0.340677823564040 0.359433290019701 0.364843290479792 0.379441303063550 0.364056471785305 0.370292535305985 0.372652804032766 0.372458410351202 0.375420309347680 0.371354341267181 0.373995709418248 0.366937851211943 0.362775496522249 0.355011733154542 0.357525980556487 0.355849815621857 0.354676500167617 0.354257458933959 0.381627516778523 0.382066767320919 0.391630810765207 0.855016561150476 0.845960337092784 0.848030176026823 0.845425603217158 0.848609249329759 0.848602907293369 0.843322598184784 0.860435875943001 0.857915705598658 0.848710649698593 0.845037943901723 
Asia_EU703760 0.047213915680411 0.094921630094044 0.101293465479590 0.090401599733378 0.130746169220520 0.130952880459867 0.029608404966571 0.074248355126176 0.050527809070806 0.054592432072012 0.058326005945652 0.070116235470566 0.070687716082809 0.067511251875312 0.044195442995793 0.037801831806828 0.045350052246604 0.044495508669313 0.031882954881813 0.021065989847716 0.021065989847716 0.005404057199867 0.004323245759894 0.000000000000000 0.006069171932158 0.020506634499397 0.020669577874818 0.024207636635887 0.024041261126362 0.024169058613087 0.031424206136185 0.346463291987932 0.359048943973694 0.359197098760226 0.341946308724832 0.343339901890906 0.369305765674903 0.335351751398175 0.355367730541188 0.384809700235770 0.351819174859256 0.341932773109244 0.345723656546968 0.363624931885820 0.370136963280397 0.382395138830281 0.367024208250307 0.373991257565568 0.375593362738920 0.375987229037137 0.378614660390047 0.376634260811264 0.378033904008749 0.372221756269395 0.368054973602615 0.358615487763996 0.362805900100570 0.361129735165940 0.359956419711700 0.359537378478042 0.384983221476510 0.385421909075658 0.395005483843753 0.859293111399941 0.850069179489330 0.852053646269908 0.849698391420912 0.852882037533512 0.852875874492061 0.849010832740809 0.864291701592624 0.862193331935416 0.851306095110516 0.849314494151189 
Asia_EU703761 0.047803563155456 0.096927899686520 0.103225264572484 0.092401266455591 0.132411725516322 0.132547308353963 0.030189776172086 0.076247189139669 0.053114699378312 0.055592598766461 0.058995938533685 0.069449652126818 0.070021243803891 0.066844474079013 0.044445370100387 0.038634471273938 0.045768025078370 0.044662627950700 0.031290963677111 0.021912013536379 0.021912013536379 0.005653475224476 0.005736614566013 0.006069171932158 0.000000000000000 0.020340252069382 0.022915367020170 0.026536893769237 0.026370518259712 0.024751445567619 0.032002312425156 0.348139456922561 0.362168542641541 0.362317618284558 0.345302013422819 0.346777912875770 0.373424104891578 0.337286068710315 0.359488667423573 0.389693499494779 0.355012183850097 0.343781512605042 0.348919350769490 0.366223749842813 0.372741786404504 0.386024137057980 0.370670284478738 0.376849361129792 0.379206049149338 0.379011930767938 0.381977135171486 0.379232316459940 0.380641904681782 0.374821773043697 0.370652811531048 0.361213543412672 0.365403955749246 0.363727790814616 0.362554475360375 0.362135434126718 0.388171140939597 0.388609293742661 0.398211423268371 0.858370718208880 0.849314494151189 0.851383067896060 0.848776809651475 0.851960455764075 0.851954254115873 0.848007026642687 0.863788767812238 0.861270706647096 0.850385130609511 0.848392100960127 
Asia_FJ807897 0.039531355360755 0.099539941447093 0.104424927511871 0.096169077493851 0.134036081829924 0.133932320094047 0.021191722762403 0.081711737989083 0.059118236472946 0.057420457862474 0.061756326462209 0.076038019009505 0.076983994664888 0.075768316583962 0.050600200066689 0.044615705061446 0.057214554579674 0.056103678929766 0.035668951510536 0.028740740740741 0.028910052910053 0.017262177114097 0.017178985899089 0.020506634499397 0.020340252069382 0.000000000000000 0.010903037869330 0.014442085986598 0.014275606609231 0.014985014985015 0.024295512767540 0.344626609082142 0.358474647768497 0.358875901936791 0.342455403987408 0.347625440510153 0.372608384845044 0.334848102331061 0.354876714634352 0.389476344946708 0.350065161642914 0.341265503468573 0.341103210333656 0.369515980203003 0.369319376129819 0.388253177384622 0.370609197352791 0.379400260756193 0.384867591424969 0.381478834755559 0.380998443874332 0.376326051406768 0.381513595420490 0.374512190004616 0.371514821181502 0.361314939829762 0.364753239129523 0.363663046668623 0.361901966539478 0.361482661746824 0.387030430220357 0.387469050316841 0.395551053142544 0.856351736868602 0.847289813727135 0.849360452925142 0.846502074862724 0.849687722680974 0.849681421864520 0.844647191763623 0.862696582092682 0.859001258917331 0.849704687303648 0.844856519550260 
Asia_KF318729 0.029243215911006 0.110646483231580 0.113902777194236 0.109490267994832 0.143178504478234 0.145663672235748 0.010968009970918 0.095029787943174 0.068709300384037 0.064331874087972 0.073726541554960 0.087362454151384 0.089723287214536 0.086178861788618 0.058843140523420 0.051272439501853 0.063142928828301 0.062280555091122 0.045519925543616 0.032206187312201 0.033137246603750 0.019255562487004 0.018091079226450 0.020669577874818 0.022915367020170 0.010903037869330 0.000000000000000 0.003370646248596 0.003204194581998 0.003162976527385 0.013054614558374 0.350773487611621 0.365246731336989 0.365649917731933 0.343489025976751 0.351174496644295 0.373218414967416 0.336306268405553 0.354228018510728 0.388399814666611 0.349754108696566 0.341544411282526 0.340709267594969 0.369957225530487 0.369677609179942 0.385654578460759 0.369782829996607 0.379420545813885 0.384046398251660 0.380658176774682 0.380934359362516 0.377269106611328 0.383721908930225 0.375707992448081 0.368937329700272 0.360583574393158 0.364021297111474 0.362931287469081 0.361170502662139 0.360751268184295 0.386713668219397 0.387152267863886 0.395231061405360 0.859228187919463 0.848406040268456 0.853662627363831 0.851054021206152 0.854239134990151 0.854233025984912 0.852456272491422 0.869176904692021 0.866409331207519 0.856095824433555 0.853271812080537 
Asia_KJ451623 0.026929074128703 0.113796997197942 0.116984620556349 0.112630262609421 0.147071077410216 0.149502498005794 0.009265799642664 0.098000000000000 0.070930572370893 0.069218580602118 0.074699400896560 0.090333069323440 0.094027424665527 0.091151697106163 0.060059183928646 0.053153378322086 0.064865543055497 0.064002341039254 0.045060291939920 0.033691695589605 0.034622873105900 0.023458946843025 0.021795191747775 0.024207636635887 0.026536893769237 0.014442085986598 0.003370646248596 0.000000000000000 0.000166472448810 0.001789802289282 0.011775399743834 0.358490566037736 0.371493651664065 0.371898734177215 0.352220263577604 0.359902672316147 0.381717265158523 0.340766609163967 0.360289477005933 0.393377706630719 0.359677148141920 0.350794585050029 0.349461460787614 0.373988172629283 0.371868168824617 0.390390136801216 0.373096339031943 0.384136596854235 0.388844521037367 0.385456073980664 0.384641265034906 0.382138364779874 0.387516309608990 0.379489761664988 0.377159148079826 0.363941299790356 0.367379454926625 0.366289308176101 0.365115303983229 0.364109014675052 0.395786116007723 0.396223248006714 0.404271484045247 0.855602634559718 0.847212316986198 0.850037742178982 0.847430631234806 0.848688071087266 0.849017059982395 0.848838669177652 0.865889457351338 0.861860601737233 0.852475496355868 0.849645509082519 
Asia_KJ451622 0.026760504024611 0.113629710175233 0.116816539204975 0.112463526469362 0.146904424631281 0.149334564843192 0.009099596958491 0.097833333333333 0.070763578674905 0.069051788841631 0.074531819514852 0.090166326232857 0.093860709373567 0.090984905345676 0.059892468636686 0.052986753311672 0.064698256032788 0.063835123949668 0.044298709540935 0.033522390586642 0.034453568102937 0.022793444804925 0.021628816238250 0.024041261126362 0.026370518259712 0.014275606609231 0.003204194581998 0.000166472448810 0.000000000000000 0.001623309053070 0.011610130975499 0.356477987421384 0.369468933226473 0.369873417721519 0.350205657684882 0.357888996098502 0.379698931965352 0.338747002145832 0.358438170572643 0.390344595163872 0.356398183958298 0.347515345161019 0.346179737462134 0.373568762320178 0.371447788801076 0.389967910825874 0.372672124888644 0.383716040037009 0.388424194022950 0.385035729298024 0.384220708217680 0.381635220125786 0.387095416473757 0.379070157771064 0.376739896025491 0.363522012578616 0.366960167714885 0.365870020964361 0.364696016771488 0.363689727463312 0.392512381432049 0.392950062945867 0.400979233496539 0.855602634559718 0.847212316986198 0.850037742178982 0.847430631234806 0.848688071087266 0.849017059982395 0.848838669177652 0.865889457351338 0.861860601737233 0.852475496355868 0.849645509082519 
